TaskId,Name,Start,Position,time
2,R,0.0,WP3_TOP,122.0
2,R,122.0,WP3,122.0
2,G,244.0,,10.0
2,M,254.0,WP3_TOP,128.0
2,M,382.0,A3,128.0
2,A,510.0,,10.0
2,RL,520.0,,10.0
4,R,530.0,WP5_TOP,100.0
4,R,630.0,WP5,100.0
4,G,730.0,,10.0
4,M,740.0,WP5_TOP,105.0
4,M,845.0,A5,112.00000000000001
4,A,957.0,,10.0
4,M,967.0,BIN3_TOP,128.0
4,M,1095.0,BIN3,128.0
4,RL,1223.0,,10.0
